$ANSIBLE_VAULT;1.1;AES256
38633730303762356331626461303434303135373464326365633339643636343238333334346364
3361663036346563383330333938363965356139396333380a313863623330633066633331343262
35393438363831643364366263353536313861623233353138636230333838383834303833303236
3038366532393039320a336332323865336439383863633733633435616465333232316632316638
62346165613763333065643632653864303863346333303764383933393436653837326336656631
38333333306534313564636665313861383737363734316265303565666165623263373861653932
63613961623765393433393639323866613931653135306165303433656630366331326334313462
36396666386230356364666464643630346561336265346363386231656631373534353638616665
32346364663630393035376631366436636462316566653530646338336561326332633337636264
32336635613966306666646432656165323363363331623563616331366239306234363439383535
303937356465316232613836386433303164
