$ANSIBLE_VAULT;1.1;AES256
39663839363832653032343733626439373365343461363162336239623834303236303833333139
3737353563323563343539353937313138363566323531350a356430326630356165316264356166
61613161353336303131613539333661396137643061666266356661326530623536653839623033
6165633531636166380a303836303431376663646330346266396531376464623662336231636430
32633830626661626234616166386565396638633166336137613339663062336538346639373764
65613037666638353362356537626131633961396164383036636338346532393933626138656264
37396332356566663137366162373733373330653261346332623463353963303063326361376265
37616566663839313134316530336431653636343533346633623739363630366361633236323539
30383933343465356366626337663935386237303037363335656366646633623336623934323836
64616432636333356338393331663336646339373666373233633634303537663632643437353434
38666165316436363665383836643032343565326566633839323736336639656465633065326666
34636466346432613934306139383030376439326336386330363937663335336362356666633638
61383537373233656261333830323261373435623036643439343562396633333635
